[
[1,8,8,8],
[2,98,4,8],
[3,66,10,16],
[4,48,10,18],
[5,16,4,7],
[6,7,7,5],
[7,91,2,9],
[8,74,6,13],
[9,28,1,6],
[10,95,1,12],
[11,13,7,17],
[12,0,3,18],
[13,90,7,10],
[14,65,9,18],
[15,76,2,4],
[16,57,4,9],
[17,90,2,11],
[18,87,9,2],
[19,53,9,13],
[20,52,1,15],
[21,3,6,17],
[22,40,7,12],
[23,36,10,1],
[24,6,7,8],
[25,55,5,19],
[26,85,10,8],
[27,38,6,5],
[28,88,5,8],
[29,8,2,2],
[30,49,4,15],
[31,1,4,9],
[32,51,8,17],
[33,0,8,14],
[34,22,10,8],
[35,74,4,9],
[36,46,1,3],
[37,18,4,1],
[38,25,6,2],
[39,41,1,14],
[40,36,4,19],
[41,51,10,8],
[42,90,8,16],
[43,76,5,16],
[44,40,7,8],
[45,91,2,5],
[46,14,10,16],
[47,81,5,5],
[48,96,10,4],
[49,96,10,20],
[50,6,5,6],
[51,32,4,6],
[52,95,7,8],
[53,83,2,15],
[54,94,8,17],
[55,54,7,1],
[56,79,3,11],
[57,21,4,12],
[58,29,2,10],
[59,66,5,9],
[60,75,9,6],
[61,77,9,18],
[62,42,6,16],
[63,11,7,14],
[64,13,2,3],
[65,66,5,10],
[66,27,6,7],
[67,96,9,3],
[68,26,5,20],
[69,37,3,7],
[70,98,3,5],
[71,96,7,19],
[72,74,1,17],
[73,98,6,9],
[74,48,1,20],
[75,81,6,2],
[76,25,4,6],
[77,31,8,5],
[78,1,9,15],
[79,23,2,17],
[80,15,7,9],
[81,80,9,5],
[82,65,10,1],
[83,81,3,10],
[84,64,8,2],
[85,58,4,19],
[86,6,5,2],
[87,64,10,20],
[88,94,6,13],
[89,14,9,18],
[90,51,6,8],
[91,26,2,18],
[92,38,10,14],
[93,10,6,3],
[94,73,3,19],
[95,4,2,2],
[96,0,1,3],
[97,70,6,19],
[98,29,5,18],
[99,71,3,20],
[100,34,2,4],
[52,23,1,4],
[19,45,5,2],
[49,13,5,14],
[19,38,9,2],
[38,91,1,15],
[52,16,5,5],
[70,41,7,1],
[99,62,10,5],
[28,99,4,1],
[55,91,2,14],
[22,91,7,6],
[55,57,1,6],
[89,34,3,7],
[94,50,5,6],
[62,49,5,18],
[30,4,8,12],
[79,58,8,17],
[18,0,10,13],
[68,17,5,16],
[27,29,5,4],
[11,92,5,4],
[60,1,6,20],
[14,49,3,2],
[61,22,10,10],
[9,15,3,6],
[45,91,9,14],
[37,9,2,6],
[0,53,2,1],
[86,25,10,18],
[2,69,2,10],
[28,14,4,2],
[67,21,7,14],
[74,24,6,1],
[15,95,10,12],
[16,40,2,18],
[61,29,6,8],
[24,93,6,10],
[88,89,5,18],
[93,15,10,14],
[86,87,10,10],
[60,50,2,12],
[65,94,6,19],
[34,6,9,11],
[22,44,2,18],
[53,100,1,10],
[35,18,9,8],
[96,24,10,9],
[59,45,6,1],
[12,28,3,16],
[18,22,4,9],
[80,15,1,7],
[63,93,5,14],
[80,100,10,11],
[11,22,5,19],
[47,1,8,4],
[99,44,10,18],
[49,19,8,8],
[56,83,8,12],
[17,65,3,3],
[23,43,7,12],
[91,30,4,17]
]
